Multiple size <= 100
TEST 1 ARG:56 89 48 38 29 94 13 30 39 14 92 76 51 58 67 63 79 59 11 57 77 82 64 36 90 80 61 66 78 50 9 37 31 62 95 70 20 72 33 26 7 87 42 49 83 21 68 96 93 35 23 65 97 85 73 91 46 4 75 10 40 99 52 8 47 15 71 19 43 60 32 53 86 25 0 18 55 34 69 81 5 74 3 84 1 17 28 6 45 12 88 22 27 16 24 2 41 44 98 54 
TEST 2 ARG:0 78 89 69 1 24 65 5 41 90 55 3 39 52 80 27 91 61 98 14 47 42 73 96 67 62 36 6 43 38 71 82 59 29 13 76 15 21 32 48 23 18 35 12 28 72 93 84 99 81 92 57 64 68 22 44 56 88 9 11 17 86 10 34 70 54 75 30 2 4 95 53 97 8 20 50 58 19 16 51 79 77 26 25 83 31 60 33 85 40 63 37 46 74 49 45 66 94 7 87 
TEST 3 ARG:56 78 72 53 64 3 45 2 23 96 85 28 95 54 24 44 82 46 89 61 41 91 81 49 29 6 30 75 26 40 48 65 92 43 0 25 17 93 77 69 32 35 73 42 71 8 70 21 76 13 87 5 37 62 59 94 68 57 38 84 50 58 39 34 22 60 55 15 18 86 99 1 74 36 4 19 97 11 12 98 27 66 83 47 88 79 52 9 67 7 31 80 63 51 10 90 16 20 14 33 
TEST 4 ARG:69 87 10 83 71 49 16 54 38 0 56 27 7 89 33 88 2 20 32 62 82 61 41 99 97 85 79 91 36 78 29 74 18 25 73 90 84 9 67 93 70 58 5 23 75 19 39 95 59 76 44 60 26 52 64 72 65 30 42 98 11 34 50 40 77 51 96 14 22 81 24 28 37 46 53 68 12 45 21 8 92 80 47 1 48 17 31 35 94 55 13 86 63 6 66 15 43 4 57 3 
TEST 5 ARG:68 99 97 7 59 58 71 92 76 46 83 91 74 85 98 21 66 56 0 67 3 79 5 53 55 43 12 29 87 96 23 40 2 77 13 22 24 89 26 37 6 33 90 81 25 36 61 50 78 32 31 34 75 17 11 82 94 73 60 27 70 28 95 93 15 47 35 42 62 4 38 9 45 72 88 84 51 8 19 64 18 44 10 39 30 63 52 69 80 20 57 54 48 49 41 16 1 14 65 86 
Multiple size <= 500
TEST 1 ARG:-11 -55 147 -106 236 24 -193 -243 33 2 28 182 145 192 -135 -225 -196 -22 106 88 -104 205 151 -194 -82 203 216 27 234 229 -80 -126 110 86 7 31 -36 -226 246 -53 129 53 51 -75 125 -33 -227 -198 249 -150 -113 -206 -45 -230 -8 35 41 -145 184 -51 -249 37 -81 17 -188 -180 -110 -87 -201 -105 -234 4 87 -25 115 178 126 247 187 -214 -142 57 -38 -32 -97 102 -250 48 -128 -92 180 162 -29 94 25 -147 168 218 173 -7 109 -3 -246 191 72 81 -59 54 -216 -244 -158 207 -136 248 -186 -215 -86 107 -161 -2 -122 -17 -56 111 -117 222 153 -224 154 -156 -93 -15 -23 44 -174 114 19 -210 -54 -69 3 -118 -5 -101 212 75 69 103 23 -116 32 138 204 219 -77 -183 65 -60 220 52 160 60 6 -197 -240 12 -203 237 -195 -99 91 113 78 179 -1 83 79 -27 14 198 -247 240 -13 227 217 70 -120 59 -199 18 -138 22 36 -16 -175 80 104 225 209 244 -139 -124 137 -149 62 127 -41 -153 -65 -12 85 34 97 -6 163 -34 -248 -85 231 -35 -239 242 8 -10 134 177 -185 -131 200 -166 -223 176 -71 155 -107 -179 -74 172 190 61 -20 -162 -89 -165 186 245 -238 -218 224 -134 -205 13 95 68 -232 -66 -83 -108 46 -127 123 164 -221 -154 202 -70 -44 121 215 -102 189 -236 63 -187 -42 -125 -212 76 0 10 -94 -50 206 232 181 -72 -159 241 185 136 -88 -231 124 43 -112 108 -18 -222 -49 -39 -129 -62 -148 -182 -52 42 197 21 -78 -19 165 9 -202 -211 -213 105 140 -121 199 -96 238 -137 -100 26 131 -76 -84 -98 158 -178 -28 157 -192 135 -123 208 233 122 40 90 -164 -95 143 149 -228 -163 -167 -177 45 -133 -219 49 -191 67 77 159 116 120 38 -67 -91 230 -235 -132 166 -241 -61 -30 -143 -173 170 -31 58 -190 29 -168 -184 -140 89 -169 144 -64 -73 99 39 132 -63 -79 -170 98 -176 201 -207 -242 -21 96 193 210 93 235 -58 188 -237 196 119 243 71 169 146 100 112 -209 156 118 -37 130 -229 64 50 133 -115 5 174 150 -9 101 -217 -90 -146 -119 161 223 -24 -46 -47 16 -233 239 -111 -157 1 142 -160 -141 -43 148 -68 11 -40 -220 -114 20 -200 -48 152 213 -152 66 82 -151 211 117 141 15 -204 -103 -181 -171 -172 226 194 -109 -245 92 -189 228 55 139 183 -57 -4 30 -26 -155 47 167 -144 221 195 214 73 56 84 74 171 175 -208 -130 -14 128 
TEST 2 ARG:-84 86 -30 -112 199 135 -5 194 -6 3 110 179 -33 53 189 99 -152 -132 -133 1 -214 -145 142 125 -126 -99 32 91 -82 -62 207 56 76 -243 -146 -149 61 -53 42 190 161 43 173 -25 164 -143 -156 94 114 -173 65 -55 30 93 -104 -240 -144 -207 212 -168 165 90 170 -176 -221 -200 -15 -192 35 -19 79 -172 -115 197 57 119 -215 83 -216 184 -157 -220 16 -100 -174 13 -79 -205 -35 -223 -76 -203 81 226 -37 -181 69 206 213 64 33 -158 235 -213 241 238 172 -38 -114 6 131 -234 22 -242 -48 -108 127 -163 113 -13 124 17 167 -14 -96 63 -91 -85 -237 228 -245 -26 37 -75 220 117 -16 106 -43 182 -49 -241 -225 -222 29 174 193 -21 230 -142 178 46 -170 7 -118 -86 -32 139 243 176 -39 -89 24 20 162 -190 0 -94 67 202 145 72 84 -180 -93 -78 201 -204 104 14 77 -249 -136 123 -232 154 -139 171 239 -183 -44 -247 -90 28 115 -185 -219 185 158 38 205 122 245 209 107 4 -125 236 2 248 -18 -195 -119 -46 140 232 128 25 -224 221 58 203 19 242 -187 -87 8 130 214 -11 181 -236 166 -124 -166 -208 -210 -34 133 15 -206 55 -71 -227 -83 -110 11 143 62 150 -228 108 -111 -235 59 -105 222 237 -3 -113 -129 208 -127 -218 -188 -150 233 -128 191 73 120 -193 -20 -121 -250 102 -120 45 50 169 144 -194 27 187 -140 5 -74 -196 146 -56 157 111 -17 47 121 -12 219 71 97 -248 175 -29 126 74 -182 -8 -131 -135 224 -36 -40 192 101 -4 -106 -95 -159 -1 -42 218 -197 151 23 89 -160 -138 40 -72 -233 26 -45 36 -201 -47 149 -164 68 52 -153 116 204 -54 159 -64 129 51 196 -189 10 240 39 163 -63 -77 188 246 229 -165 -80 136 -23 82 -169 -24 -171 198 225 217 54 -27 215 -2 34 -51 -178 -50 249 105 -9 -231 -134 -238 183 -66 -52 -209 -244 -102 186 48 -191 -198 -61 -70 234 18 49 -162 -98 -116 -10 148 141 85 -28 216 223 78 31 -177 44 -109 -7 41 21 152 177 87 231 -67 -229 -137 66 211 -60 96 247 -92 227 134 95 195 -117 137 -186 147 -175 88 -41 -58 -122 75 -167 -65 132 60 -246 200 -212 -161 -154 180 -22 -184 -141 118 70 9 103 155 -148 -155 -230 109 -123 -88 244 -97 -68 160 80 -199 -73 138 -101 92 -151 12 -69 -103 -147 210 156 -202 -81 -211 -179 -239 112 100 -130 153 -217 -57 -226 168 -107 98 -59 -31 
TEST 3 ARG:-99 222 -56 -153 -117 14 -148 155 -189 -77 -68 -6 82 -107 243 16 218 125 -8 -208 -186 -198 -152 -156 207 224 2 -133 -129 -192 -96 183 166 -50 -27 76 130 119 152 245 80 -142 124 142 -166 -48 -30 37 70 111 104 -206 121 -190 4 -176 214 17 -221 233 157 -222 143 91 84 -4 176 198 -79 -3 217 185 126 -171 231 87 -216 93 241 190 -100 -143 11 -19 -116 200 -160 21 75 79 -196 -88 -114 238 202 -236 -102 -150 81 -155 60 66 -45 133 24 -36 138 -229 -219 132 -194 -163 -227 -13 114 -147 97 -205 108 42 -124 -131 -63 205 101 -39 -126 -23 -250 -122 186 15 122 -86 215 -125 -51 -62 -26 182 74 116 230 -60 -191 92 -145 -35 -44 171 237 246 83 -202 32 240 165 -187 -199 -10 -95 117 73 -28 -58 -161 -238 -243 45 -65 180 18 177 88 127 53 229 40 149 -220 6 -130 -180 -203 63 -29 -144 3 52 103 -80 -183 140 -73 -217 113 223 -247 110 187 -71 137 179 169 -215 -213 -94 -234 -78 -87 112 -72 -33 -98 -57 94 184 -169 227 -66 -149 1 213 102 148 109 -52 59 129 105 225 -121 -228 -32 -11 68 196 -139 49 -162 -241 26 106 -37 29 -55 123 -91 12 85 -17 72 62 -158 -24 120 -242 107 96 210 -245 50 -1 -75 -159 -113 65 -151 -93 195 -239 -61 -38 67 -92 7 167 -46 -90 244 135 191 162 -67 -74 23 48 -204 -103 -182 -184 -18 64 144 139 197 100 -157 156 -9 -106 -195 -179 90 -89 -128 -200 -7 -249 20 -137 71 -2 34 -226 46 -120 -248 181 153 -115 56 -232 150 -81 118 -168 -40 -119 -34 -185 145 44 27 -111 172 208 141 31 22 47 -154 242 -231 232 38 173 131 235 -104 128 -181 -97 -22 69 -172 -105 -41 136 -140 -82 -246 8 -193 55 206 -173 158 161 -230 226 -49 193 77 163 95 -167 -136 -14 170 -210 -47 13 -16 -207 -164 -25 134 -43 -223 164 147 51 43 30 -70 188 25 203 247 221 -21 146 36 -244 -123 249 -12 -214 9 33 89 -175 -132 5 99 -177 -141 19 151 -178 98 -138 199 -225 -237 228 174 -85 -134 -188 234 248 -170 -211 -110 204 -31 -83 168 -15 -5 -53 219 216 -165 -233 -240 -201 -76 -218 -20 -59 -42 54 -127 61 -69 57 201 -112 211 -54 28 192 58 -209 209 35 0 159 -146 10 220 -118 78 236 194 178 -109 -197 212 -108 -174 175 -135 -212 -64 41 -235 115 189 -101 239 154 -224 160 -84 39 86 
